972357227946435.8
468123133853015.0
553994202569040.44
3487254504430.666
8332709836.845369
0.003318912638701987
0.0033323882419307787
0.003653367235958563
0.0035449601327924825
0.003457684450144974
0.0037873175065963973
0.005850561109983691
0.004226204332337811
0.0032339232831534817
0.003923143439880106
0.004789281883404026
0.004179516235420919
0.0047677882825177985
0.004033309634890162
0.0036530205509078674
0.004948460896301223
0.003019219960542346
0.005040072383368942
0.004277972618352359
0.003986174419580506
0.003194149786967653
0.005761255162687848
0.0037090758171785215
0.004280430657276108
0.005128451691773744
0.004144732232720207
0.0036928400803302877
0.004454412414468836
0.003481919092919183
0.0048350442869114696
0.004184515563700825
0.004237799755972136
0.004721797204505362
0.004081297675077109
0.0032092627200852593
0.004265494740723401
0.004436163934457827
0.005090205041783601
0.005098705845080266
0.004587252100243563
0.004379843061771082
0.0030135485577201136
0.0036479966663533134
0.004648631026778909
0.004920401850662634
0.0037693049707509477
0.0020645958533332042
0.00317537748723475
0.0036761574696913793
0.003709969037109541
0.002969774938733693
0.004674560909304912
0.0038474602252596343
0.004130493428084911
0.004015816833881137
0.003991673831459329
0.004741400373396227
0.003679240328428852
0.0027999003488854107
0.003645550061404978
0.003858137042861481
0.0034934555104415527
0.00367822554148281
0.003368916389651994
0.003446398930253974
0.003133649351462196
0.0034689422899362617
0.0027406360724176863
0.00239505168334199
0.0034294633192168975
0.0029284714451719572
0.003273581740569986
0.003153693380065714
0.0029818758097251478
0.0030362597623702033
0.002863494945897301
0.0027503212801230194
0.00343010379093129
0.004181494332334838
0.0031983304234306583
0.0021419399065157117
0.0035629631540123174
0.0032123365923261283
0.0029241619831211763
0.0030559926614706677
0.002419397339989818
0.0034555532205343253
0.0029219084888645456
0.0034961209210213834
0.005011741309438835
0.0029630901327786017
0.0037540527793330065
0.002954046770084816
0.00285953386659402
0.0033796177185232684
0.002492223926017089
0.003277259866769893
0.0034590890300925025
0.003715108990073725
0.003215984364438693
0.004342977190331236
0.003765412523174079
0.002789416853747969
0.003189408139472922
0.003401376632873904
0.004624146363589993
0.0029069596277139886
0.003130756379274897
0.0029938681772574745
0.0031129094115390434
0.0020940577838185867
0.0026359056302348895
0.0032359256583080333
0.004024030076467326
0.003989943667157771
0.0030469487565961393
0.003703990505996282
0.0034616495682179963
0.0031057233576037226
0.003656204227276888
0.0026561456286129117
0.002633022823697202
0.0033332757212801794
0.002682636291313364
0.0022277316594522343
0.002495521188279954
0.0024711166508575655
0.002612297462830331
0.0034457732179164636
0.003956458702095912
0.00218896454063991
0.0029598796134236373
0.002529152303856778
0.004556983187296048
0.0021616416780386553
0.0025765529108674468
0.002378602118334381
0.0028928005392348187
0.0036583378094299673
0.002789466881905376
0.002969720820164276
0.0038464916904960007
0.001869138485935552
0.003656865469229177
0.002360635496422256
0.0020975136253566944
0.0031547566714811275
0.0026581235799507863
0.002741856295928814
0.0028035033038126237
0.0016354517739934887
0.002392040170258607
0.002168322861393678
0.00328393819567825
0.0026780170479453053
0.0031213807763048047
0.0023835841426527006
0.002070710998751929
0.0018556205896426692
0.0022691529800758
0.0025805444839179
0.0024977123268300717
0.0033452752212255066
0.0029858182418152006
0.002010913616421671
0.0035778231422831127
0.0016718216348098043
0.003833795588368866
0.002728541213509425
0.002140266166406588
0.0017104947519600306
0.00386045966963064
0.0025414397234152534
0.002315353145335666
0.0022109380950641974
0.0027987613560240886
0.002080214047927625
0.0038407457672797836
0.0030232834180076336
0.001534413292112485
0.0022813896593669733
0.0027738721147612983
0.0021457540582174796
0.0029125391410191573
0.002625924871277472
0.0021285098538940013
0.0019306804557367616
0.0031140029950846746
0.0021194855757193996
0.0023138315266421857
0.003244592443002918
0.0019862377496305747
0.003019248539758753
0.0030857651996016667
0.0037910862213967125
0.002085478667572285
0.0019594720773214148
0.00181435554117078
0.002028781119914173
0.0025097449746186726
0.002356632624070865
0.0026424743892337296
0.003011460695167248
0.0018280693518494
0.0027509715299778702
0.0017018797439217214
0.0013348315390353375
0.0009414112320487144
0.001482986604750329
0.0014852577970785774
0.003068777498158303
0.0032439623834657314
0.0023261152113174545
0.0029748436129036415
0.002195664317970977
0.0025576218353826085
0.0028661018414134812
0.0035616214753901015
0.0037324136327571327
0.002110559191045642
0.0027601788285026804
0.002851990846549343
0.002584211317789198
0.002221163123281792
0.002505146045865483
0.0025156165076937356
0.0025644814283947437
0.001553220300706514
0.00251917037985881
0.002126179750010214
0.002440211764954203
0.002746206696487135
0.0020393286966470647
0.0021256986207890322
0.0018034163741901942
0.001236797776970964
0.002822258843222802
0.0019283055462918511
0.003056470715023295
0.0019810462712472137
0.0032939997378855705
0.0016083224641739594
0.002363934514047385
0.0017117525280186754
0.0015284259181274006
0.0016069621957857522
0.0011400626603322945
0.0019362723943166407
0.0014716750489514622
0.0024650028846057367
0.0026451438126647757
0.0021371509358869426
0.0017397981878518555
0.0013311546933165276
0.001355626061071394
0.0019077613256516524
0.0013470943243439793
0.0019139150203916603
0.002015879680720086
0.002875725003874875
0.0029395352674187153
0.0017365775865818
0.002367715948802583
0.0013714645653374726
0.003196452219995326
0.0014886115493008925
0.0035398562257117246
0.0016365413460182848
0.0030893315584942667
0.0017543355798176183
0.001987886831364524
0.001704248089486043
0.0016802581083584268
0.0013759108758431607
0.001569175463080845
0.0019377651958581148
0.002137814638368624
0.0023530088787670636
0.002208337415127529
0.0032446495819353884
0.0017246065629317646
0.0018930809420590476
0.0018265157127994743
0.0020353645148728696
0.0015224471296939046
0.0032053753396345933
0.0018776557682948873
0.0013157636678527457
0.001324499069086509
0.0022255591085308885
0.0014723105053358104
0.0027768451263321865
0.0017491123550081472
0.002144421216557755
0.0018749991641863204
0.001837855563598241
0.0012910450691684195
0.0027558246514434908
0.0018717845660295306
0.0014736799720909011
0.00224882778529676
0.0015999025780634184
0.001940092558963302
0.0023650664533522285
0.0022855765050456838
0.0020159841283613577
0.002155163325026908
0.0019536664012854126
0.002143557721720002
0.0020582912091866097
0.002311372367551257
0.0011392991960220773
0.0038360820453323444
0.0012670318161961097
0.0018359728383425
0.0011317478590142
0.001266814020258571
0.0023079678073495953
0.0016318028407020237
0.001596807106516137
0.0016582185801263627
0.0019607865606872015
0.0014528208840131666
0.0018955886758477254
0.0019682792512170206
0.001244682472173179
0.0011586787917852103
0.0013847641263714952
0.0018017016063246896
0.0018189784886678262
0.0017376899333199822
0.0010450263590300898
0.0017943002997506854
0.0018656056774884093
0.0012450144479447364
0.0021076054360547906
0.0014418110834108699
0.0014731622865499167
0.000886223256360225
0.0012030063450379099
0.0016261058571541778
0.001364943538588545
0.002831479250023073
0.0018819609988183193
0.001370484033316291
0.0016379945188073305
0.0012193775461903304
0.0016319730946556508
0.0011468846480596306
0.0015514022800193106
0.0016028510454325405
0.0012417287310688046
0.002502360565590594
0.0015282052759019477
0.0012290725837430612
0.0013986826157421316
0.002686722965647366
0.001660787717303717
0.0013181520122138427
0.0012112979922694813
0.001400187888384241
0.0009896332637649302
0.0016353540810165232
0.0015490177858778595
0.0018392614184936963
0.0010212251103094065
0.0017459241119193083
0.0013268702600929972
0.0014607191256369187
0.0017637294855288375
0.0012980487066102662
0.0009917058163867727
0.0011824950625291255
0.0012400687520715253
0.0013639259822513343
0.002028994771521605
0.0012465346504462905
0.0010093262954540049
0.000982795956370235
0.0009254011996284313
0.001327010270188936
0.0016655290802861083
0.0016234029072319733
0.0014715293323514706
0.0013678370644289797
0.002055826984918908
0.001394237002998011
0.001003383829439547
0.0015811067461847994
0.001606770477009955
0.0009619738159306279
0.0021633511139052086
0.0010409923356347634
0.0013156252998878049
0.0008201879520180085
0.0017544981697389626
0.0009048866686205117
0.0016341045434109483
0.0020649970334984695
0.0015100907280320604
0.001536081551966699
0.001396469003274413
0.0010721102422148483
0.0012238271801653907
0.0019672127737012262
0.0016124936450296657
0.0010556737041388987
0.0009850169275185364
0.0014170306668362391
0.001126478375723257
0.002058283421475676
0.0015364676569441542
0.00131373774866545
0.0010638179602616182
0.001828146735050877
0.0017159813722033763
0.0018898548895873821
0.0014887257747248006
0.0011531575271977442
0.002498614067435284
0.0009488979889807199
0.0013684971991820775
0.0010136012420040627
0.0014332313691426373
0.001185724201167199
0.001815876615036495
0.0009619096499921994
0.0011254072177850842
0.0013817575995125533
0.0013959247733999183
0.001063000337681986
0.0015798024016145042
0.0017779647278237973
0.0013483657928760589
0.0016961330665935242
0.0016229479189067025
0.0015026222506378264
0.0019392604699018335
0.00205805225961368
0.0015577724727595175
0.001529734935758942
0.0015809179996425667
0.0026507656824837915
0.0017150056143193722
0.0013165691242639558
0.0017113992099999815
0.0010615940494142976
0.0014000595644757241
0.0013107701518905444
0.001245870058528318
0.0017992066761388502
0.0012590968619866723
0.001041912252745338
0.0029070234719454765
0.0008831782598825857
0.0018763289026756866
0.00134056259652614
0.001734480385462967
0.002088934398277424
0.0014407601948100636
0.0010923524646995054
0.0011420377749797304
0.0008785826563706175
0.000832275103009019
0.0011274735392232773
0.001065742327721877
0.0010345375351983324
0.0017232548000448798
0.001042732988744301
0.00243381114072928
0.00121137280098281
0.001114295128219311
0.0016288683646439278
0.0012287183460642868
0.0012213450387531495
0.0007892479661473223
0.0015113567678152677
0.0008672378663435482
0.0015387379494081366
0.0006871255863057958
0.000928774706840026
0.0012255903097416376
0.0012774093236011103
0.0011022653982377026
0.0009603892131506746
0.0009583693701593581
0.0008543110056020741
0.001635927126331996
0.0007732945671000728
0.0013526101181332894
0.0019317727292483902
0.0010422733720419014
0.0012875341689800755
0.001493551858261671
0.0018632869866178218
0.001131738177123363
0.0011949243568494686
0.0007577657414834094
0.0012418457254522155
0.0014340371587082718
0.0015322916983594886
0.0011160249184534263
0.0011363145220887546
0.0014142260260771506
0.0009001753241985223
0.0009230622074807312
0.0007702739365983651
0.0015610464863875513
0.002006070271556554
0.000719584771746864
0.0014237582669840646
0.0009057895220518287
0.0011620405263273858
0.0006210966720373491
0.0014639565105463656
0.0007543225739920904
0.0014044148859986164
0.001605344653514246
0.0007509501576592834
0.001428234342204823
0.000640009733764711
0.000943233104613892
0.0013647212538511954
0.0012682784869896934
0.0010462226737909302
0.0010648644546942972
0.0012103637691483742
0.0010204873625120924
0.0017376754753201426
0.001281299233582774
0.0012416693348197162
0.0014471092271138523
0.0007459518143211054
0.0015380449465378586
0.000878412068035024
0.0009312850555282755
0.0019173827954762936
0.0009457787769360076
0.001017097668497584
0.0012062508746524942
0.0013354391466655789
0.0010317452404233318
0.0007378919471411946
0.001122896676752442
0.001747856707772576
0.0009858589098457303
0.0019868310461885154
0.000593924818276445
0.0014723093405869237
0.0013844887990724871
0.0011401947189216047
0.0007558721525431691
0.0018138775144829306
0.0013922073040907527
0.0008626070506734104
0.0008591916967326229
0.0011258076552666907
0.0007035463504658086
0.0019150684457100147
0.0007697159981392091
0.0015090422253187118
